states: 6
symbols: 16

0.965563	0.001796	0.102090	0.028258	0.000001	0.118884	0.000001	0.000001	0.000001	0.010974	0.728852	0.001829	0.000001	0.000914	0.000001	0.006401	0.000001
0.034437	0.183382	0.789497	0.027119	0.000001	0.000001	0.000001	0.000002	0.000001	0.000001	0.000001	0.000001	0.000001	0.000001	0.000001	0.000001	0.000001
0.975032	0.199143	0.002350	0.001997	0.165462	0.000001	0.017728	0.004596	0.061720	0.000001	0.000001	0.008566	0.349310	0.000001	0.008536	0.003311	0.177281
0.024968	0.988174	0.000001	0.000001	0.000001	0.000001	0.000001	0.000001	0.000001	0.000001	0.000001	0.011825	0.000001	0.000001	0.000001	0.000001	0.000001
0.250000	0.000047	0.335036	0.016752	0.000001	0.170312	0.000001	0.000001	0.000001	0.000001	0.377852	0.002320	0.000001	0.000001	0.000001	0.097680	0.000001
0.750000	0.180043	0.043384	0.054230	0.108460	0.143167	0.017354	0.002169	0.002169	0.058568	0.145336	0.084599	0.045553	0.006508	0.099783	0.006508	0.002169
0.967743	0.002564	0.197685	0.006635	0.000001	0.556391	0.000001	0.000001	0.000001	0.011727	0.172582	0.001709	0.000001	0.002846	0.000001	0.047861	0.000001
0.032257	0.000001	0.000001	0.548673	0.000001	0.000001	0.000001	0.000001	0.000001	0.450211	0.001107	0.000001	0.000001	0.000001	0.000001	0.000008	0.000001
0.958418	0.010018	0.014129	0.084368	0.014954	0.000001	0.000001	0.028924	0.404874	0.112049	0.006706	0.000001	0.001309	0.044132	0.000001	0.000001	0.278534
0.041582	0.000017	0.000001	0.000001	0.240250	0.000001	0.128157	0.025638	0.000420	0.000001	0.000001	0.000001	0.435444	0.000001	0.025801	0.000001	0.144272
1.000000	0.109156	0.272226	0.002021	0.063467	0.190019	0.012804	0.000001	0.004746	0.000001	0.020889	0.025605	0.124551	0.000001	0.002017	0.172499	0.000001
0.000001	0.180043	0.043384	0.054230	0.108460	0.143167	0.017354	0.002169	0.002169	0.058568	0.145336	0.084599	0.045553	0.006508	0.099783	0.006508	0.002169
