Discrete HMMs
[0, 0, 0, 0, 0, 0, 0, 0, 0, 0, 0, 0, 1, 1, 1, 1, 1, 1, 1, 1, 1, 1, 1, 1, 2, 2, 2, 2, 2, 2, 2, 2, 2, 2, 2, 2, 3, 3, 3, 3, 3, 3, 3, 3, 3, 3, 3, 3, 4, 4, 4, 4, 4, 4, 4, 4, 4, 4, 4, 4]
Clusters-States-Accuracy

16-3-93.33
[0, 0, 0, 0, 0, 0, 0, 0, 0, 0, 0, 0, 1, 1, 4, 1, 0, 1, 1, 1, 1, 1, 4, 4, 2, 2, 2, 2, 2, 2, 2, 2, 2, 2, 2, 2, 3, 3, 3, 3, 3, 3, 3, 3, 3, 3, 3, 3, 4, 4, 4, 4, 4, 4, 4, 4, 4, 4, 4, 4]
18-3-95
[0, 0, 0, 0, 0, 0, 0, 0, 0, 0, 0, 0, 1, 1, 2, 1, 0, 1, 1, 1, 1, 1, 1, 1, 2, 2, 2, 2, 2, 2, 2, 2, 2, 2, 2, 2, 3, 3, 3, 3, 3, 3, 3, 3, 3, 3, 3, 3, 4, 4, 4, 4, 4, 1, 4, 4, 4, 4, 4, 4]
20-3-95
[0, 0, 2, 0, 0, 0, 0, 0, 0, 0, 0, 0, 1, 1, 2, 1, 1, 1, 1, 1, 1, 1, 1, 1, 2, 2, 2, 2, 2, 2, 2, 2, 2, 2, 2, 2, 3, 3, 3, 3, 3, 3, 3, 3, 3, 3, 3, 3, 4, 4, 4, 4, 4, 1, 4, 4, 4, 4, 4, 4]
48-5-98.33
[0, 0, 0, 0, 0, 0, 0, 0, 0, 0, 0, 0, 1, 1, 1, 1, 1, 1, 1, 1, 1, 1, 1, 1, 2, 2, 2, 2, 2, 2, 2, 2, 2, 2, 2, 2, 3, 3, 3, 3, 3, 3, 3, 3, 3, 3, 3, 3, 4, 4, 4, 4, 4, 1, 4, 4, 4, 4, 4, 4]

Continuous HMMs
48-0.9
Nmax        Acc     Predicted Indices
1           27.6    [ 4  5 12 16 19 24 25 26]    
3           44.8    [15  2 13 19  4  5  7 12 16 24 25 26 27]
5           55.2    [11  7 20 22 25  4  5 13 15  2 19 12 16 24 26 27]
7           58.6    [17 12 25 26  7 22  4  5 13 15 20  2 11 19 16 24 27]
 
48-0.85
Nmax        Acc     Predicted Indices
1           27.6    [ 4  5 12 16 19 24 25 26]
2           41.4    [ 2  7 13 27  4  5 12 16 19 24 25 26]
3           48.3    [15 20  2 13 19  4  5  7 12 16 24 25 26 27]
4           51.7    [22  4 15 20  2 13 19  5  7 12 16 24 25 26 27]
5           55.2    [11  7 20 22 25  4  5 13 15  2 19 12 16 24 26 27]
7           58.6    [17 12 25 26  7 22  4  5 13 15 20  2 11 19 16 24 27]  


Values possible for test data
Nmax = 3
[['666' '726' '237' '27' '176']
 ['626' '72' '337' '776' '171']
 ['676' '727' '332' '77' '116']]

Nmax = 4
[['667' '772' '33' '777' '121']
 ['666' '726' '237' '77' '176']
 ['626' '72' '337' '776' '171']
 ['676' '727' '332' '27' '116']]

Nmax = 5
[['661' '77' '232' '276' '162']
 ['667' '772' '33' '777' '176']
 ['666' '726' '237' '77' '116']
 ['626' '72' '337' '776' '121']
 ['676' '727' '332' '27' '171']]  
